image: maze.pgm
resolution: 0.050000
origin: [-6.038441, -6.079197, 0.000000]
negate: 0
occupied_thresh: 0.65
free_thresh: 0.196

